(kicad_pcb (version 20171130) (host pcbnew 5.1.5)

  (general
    (thickness 1.6)
    (drawings 6)
    (tracks 246)
    (zones 0)
    (modules 43)
    (nets 38)
  )

  (page A4)
  (layers
    (0 F.Cu signal)
    (1 In1.Cu power)
    (2 In2.Cu power)
    (31 B.Cu signal)
    (32 B.Adhes user)
    (33 F.Adhes user)
    (34 B.Paste user)
    (35 F.Paste user)
    (36 B.SilkS user)
    (37 F.SilkS user)
    (38 B.Mask user)
    (39 F.Mask user)
    (40 Dwgs.User user)
    (41 Cmts.User user)
    (42 Eco1.User user)
    (43 Eco2.User user)
    (44 Edge.Cuts user)
    (45 Margin user)
    (46 B.CrtYd user)
    (47 F.CrtYd user)
    (48 B.Fab user)
    (49 F.Fab user)
  )

  (setup
    (last_trace_width 1.6)
    (user_trace_width 1.6)
    (trace_clearance 0.2)
    (zone_clearance 0.508)
    (zone_45_only no)
    (trace_min 0.2)
    (via_size 0.8)
    (via_drill 0.4)
    (via_min_size 0.4)
    (via_min_drill 0.3)
    (uvia_size 0.3)
    (uvia_drill 0.1)
    (uvias_allowed no)
    (uvia_min_size 0.2)
    (uvia_min_drill 0.1)
    (edge_width 0.05)
    (segment_width 0.2)
    (pcb_text_width 0.3)
    (pcb_text_size 1.5 1.5)
    (mod_edge_width 0.12)
    (mod_text_size 1 1)
    (mod_text_width 0.15)
    (pad_size 1.524 1.524)
    (pad_drill 0.762)
    (pad_to_mask_clearance 0.051)
    (solder_mask_min_width 0.25)
    (aux_axis_origin 0 0)
    (grid_origin 23.67 24.67)
    (visible_elements FFFFEF7F)
    (pcbplotparams
      (layerselection 0x010fc_ffffffff)
      (usegerberextensions false)
      (usegerberattributes false)
      (usegerberadvancedattributes false)
      (creategerberjobfile false)
      (excludeedgelayer true)
      (linewidth 0.100000)
      (plotframeref false)
      (viasonmask false)
      (mode 1)
      (useauxorigin false)
      (hpglpennumber 1)
      (hpglpenspeed 20)
      (hpglpendiameter 15.000000)
      (psnegative false)
      (psa4output false)
      (plotreference true)
      (plotvalue true)
      (plotinvisibletext false)
      (padsonsilk false)
      (subtractmaskfromsilk false)
      (outputformat 1)
      (mirror false)
      (drillshape 1)
      (scaleselection 1)
      (outputdirectory ""))
  )

  (net 0 "")
  (net 1 /MOD_POS)
  (net 2 /MOD_NEG)
  (net 3 "Net-(J7-Pad1)")
  (net 4 "Net-(J8-Pad1)")
  (net 5 "Net-(J10-Pad1)")
  (net 6 "Net-(J11-Pad1)")
  (net 7 /SH_NEG)
  (net 8 /SH_POS)
  (net 9 "Net-(R1-Pad1)")
  (net 10 "Net-(R1-Pad2)")
  (net 11 "Net-(R2-Pad1)")
  (net 12 "Net-(R21-Pad2)")
  (net 13 "Net-(R22-Pad2)")
  (net 14 "Net-(R4-Pad2)")
  (net 15 "Net-(R23-Pad2)")
  (net 16 "Net-(R24-Pad2)")
  (net 17 "Net-(R25-Pad2)")
  (net 18 "Net-(R7-Pad2)")
  (net 19 "Net-(R26-Pad2)")
  (net 20 "Net-(R27-Pad2)")
  (net 21 "Net-(R10-Pad1)")
  (net 22 "Net-(R10-Pad2)")
  (net 23 "Net-(R11-Pad1)")
  (net 24 "Net-(R12-Pad1)")
  (net 25 "Net-(R13-Pad2)")
  (net 26 "Net-(R13-Pad1)")
  (net 27 "Net-(R14-Pad1)")
  (net 28 "Net-(R15-Pad1)")
  (net 29 "Net-(R20-Pad1)")
  (net 30 "Net-(R23-Pad1)")
  (net 31 "Net-(R26-Pad1)")
  (net 32 "Net-(R29-Pad1)")
  (net 33 "Net-(R32-Pad1)")
  (net 34 "Net-(J1-Pad2)")
  (net 35 "Net-(J2-Pad2)")
  (net 36 "Net-(J4-Pad2)")
  (net 37 "Net-(J5-Pad2)")

  (net_class Default "This is the default net class."
    (clearance 0.2)
    (trace_width 0.25)
    (via_dia 0.8)
    (via_drill 0.4)
    (uvia_dia 0.3)
    (uvia_drill 0.1)
    (add_net /MOD_NEG)
    (add_net /MOD_POS)
    (add_net /SH_NEG)
    (add_net /SH_POS)
    (add_net "Net-(J1-Pad2)")
    (add_net "Net-(J10-Pad1)")
    (add_net "Net-(J11-Pad1)")
    (add_net "Net-(J2-Pad2)")
    (add_net "Net-(J4-Pad2)")
    (add_net "Net-(J5-Pad2)")
    (add_net "Net-(J7-Pad1)")
    (add_net "Net-(J8-Pad1)")
    (add_net "Net-(R1-Pad1)")
    (add_net "Net-(R1-Pad2)")
    (add_net "Net-(R10-Pad1)")
    (add_net "Net-(R10-Pad2)")
    (add_net "Net-(R11-Pad1)")
    (add_net "Net-(R12-Pad1)")
    (add_net "Net-(R13-Pad1)")
    (add_net "Net-(R13-Pad2)")
    (add_net "Net-(R14-Pad1)")
    (add_net "Net-(R15-Pad1)")
    (add_net "Net-(R2-Pad1)")
    (add_net "Net-(R20-Pad1)")
    (add_net "Net-(R21-Pad2)")
    (add_net "Net-(R22-Pad2)")
    (add_net "Net-(R23-Pad1)")
    (add_net "Net-(R23-Pad2)")
    (add_net "Net-(R24-Pad2)")
    (add_net "Net-(R25-Pad2)")
    (add_net "Net-(R26-Pad1)")
    (add_net "Net-(R26-Pad2)")
    (add_net "Net-(R27-Pad2)")
    (add_net "Net-(R29-Pad1)")
    (add_net "Net-(R32-Pad1)")
    (add_net "Net-(R4-Pad2)")
    (add_net "Net-(R7-Pad2)")
  )

  (module unl_silab:GEC02SBSN-M89 (layer F.Cu) (tedit 5E30B6C4) (tstamp 5E30F7DF)
    (at 40.67 34.67)
    (path /5E3120FB)
    (fp_text reference J1 (at -4 -8) (layer F.SilkS)
      (effects (font (size 1 1) (thickness 0.15)))
    )
    (fp_text value Conn_01x02_Male (at 0 0) (layer F.Fab) hide
      (effects (font (size 1 1) (thickness 0.15)))
    )
    (fp_poly (pts (xy 2.85 -3) (xy -2.85 -3) (xy -2.85 -5.55) (xy 2.85 -5.55)) (layer F.SilkS) (width 0.1))
    (fp_line (start 2.85 -5.55) (end -2.85 -5.55) (layer F.SilkS) (width 0.12))
    (fp_line (start 2.85 -3) (end -2.85 -3) (layer F.SilkS) (width 0.12))
    (fp_line (start 2.85 -11.5) (end -2.85 -11.5) (layer F.SilkS) (width 0.12))
    (fp_line (start -2.85 0) (end -2.85 -11.5) (layer F.SilkS) (width 0.12))
    (fp_line (start 2.85 -3) (end 2.85 -11.5) (layer F.SilkS) (width 0.12))
    (pad 2 smd rect (at 1.27 0) (size 1.27 3) (layers F.Cu F.Paste F.Mask)
      (net 34 "Net-(J1-Pad2)"))
    (pad 1 smd rect (at -1.27 0) (size 1.27 3) (layers F.Cu F.Paste F.Mask)
      (net 1 /MOD_POS))
    (model ${KISYS3DMOD}/Connector_PinHeader_2.54mm.3dshapes/PinHeader_1x02_P2.54mm_Horizontal.wrl
      (offset (xyz -1.2 1.5 0))
      (scale (xyz 1 1 1))
      (rotate (xyz 0 0 -90))
    )
  )

  (module unl_silab:GEC02SBSN-M89 (layer F.Cu) (tedit 5E30B6C4) (tstamp 5E30F7EB)
    (at 83.67 34.67)
    (path /5E3CF6B4)
    (fp_text reference J2 (at -4 -8) (layer F.SilkS)
      (effects (font (size 1 1) (thickness 0.15)))
    )
    (fp_text value Conn_01x02_Male (at 0 0) (layer F.Fab) hide
      (effects (font (size 1 1) (thickness 0.15)))
    )
    (fp_poly (pts (xy 2.85 -3) (xy -2.85 -3) (xy -2.85 -5.55) (xy 2.85 -5.55)) (layer F.SilkS) (width 0.1))
    (fp_line (start 2.85 -5.55) (end -2.85 -5.55) (layer F.SilkS) (width 0.12))
    (fp_line (start 2.85 -3) (end -2.85 -3) (layer F.SilkS) (width 0.12))
    (fp_line (start 2.85 -11.5) (end -2.85 -11.5) (layer F.SilkS) (width 0.12))
    (fp_line (start -2.85 0) (end -2.85 -11.5) (layer F.SilkS) (width 0.12))
    (fp_line (start 2.85 -3) (end 2.85 -11.5) (layer F.SilkS) (width 0.12))
    (pad 2 smd rect (at 1.27 0) (size 1.27 3) (layers F.Cu F.Paste F.Mask)
      (net 35 "Net-(J2-Pad2)"))
    (pad 1 smd rect (at -1.27 0) (size 1.27 3) (layers F.Cu F.Paste F.Mask)
      (net 34 "Net-(J1-Pad2)"))
    (model ${KISYS3DMOD}/Connector_PinHeader_2.54mm.3dshapes/PinHeader_1x02_P2.54mm_Horizontal.wrl
      (offset (xyz -1.2 1.5 0))
      (scale (xyz 1 1 1))
      (rotate (xyz 0 0 -90))
    )
  )

  (module unl_silab:GEC02SBSN-M89 (layer F.Cu) (tedit 5E30B6C4) (tstamp 5E30F7F7)
    (at 126.67 34.67)
    (path /5E3CFA2F)
    (fp_text reference J3 (at -4 -8) (layer F.SilkS)
      (effects (font (size 1 1) (thickness 0.15)))
    )
    (fp_text value Conn_01x02_Male (at 0 0) (layer F.Fab) hide
      (effects (font (size 1 1) (thickness 0.15)))
    )
    (fp_poly (pts (xy 2.85 -3) (xy -2.85 -3) (xy -2.85 -5.55) (xy 2.85 -5.55)) (layer F.SilkS) (width 0.1))
    (fp_line (start 2.85 -5.55) (end -2.85 -5.55) (layer F.SilkS) (width 0.12))
    (fp_line (start 2.85 -3) (end -2.85 -3) (layer F.SilkS) (width 0.12))
    (fp_line (start 2.85 -11.5) (end -2.85 -11.5) (layer F.SilkS) (width 0.12))
    (fp_line (start -2.85 0) (end -2.85 -11.5) (layer F.SilkS) (width 0.12))
    (fp_line (start 2.85 -3) (end 2.85 -11.5) (layer F.SilkS) (width 0.12))
    (pad 2 smd rect (at 1.27 0) (size 1.27 3) (layers F.Cu F.Paste F.Mask)
      (net 2 /MOD_NEG))
    (pad 1 smd rect (at -1.27 0) (size 1.27 3) (layers F.Cu F.Paste F.Mask)
      (net 35 "Net-(J2-Pad2)"))
    (model ${KISYS3DMOD}/Connector_PinHeader_2.54mm.3dshapes/PinHeader_1x02_P2.54mm_Horizontal.wrl
      (offset (xyz -1.2 1.5 0))
      (scale (xyz 1 1 1))
      (rotate (xyz 0 0 -90))
    )
  )

  (module unl_silab:GEC02SBSN-M89 (layer F.Cu) (tedit 5E30B6C4) (tstamp 5E30F803)
    (at 169.67 34.67)
    (path /5E3D0D52)
    (fp_text reference J4 (at -4 -8) (layer F.SilkS)
      (effects (font (size 1 1) (thickness 0.15)))
    )
    (fp_text value Conn_01x02_Male (at 0 0) (layer F.Fab) hide
      (effects (font (size 1 1) (thickness 0.15)))
    )
    (fp_poly (pts (xy 2.85 -3) (xy -2.85 -3) (xy -2.85 -5.55) (xy 2.85 -5.55)) (layer F.SilkS) (width 0.1))
    (fp_line (start 2.85 -5.55) (end -2.85 -5.55) (layer F.SilkS) (width 0.12))
    (fp_line (start 2.85 -3) (end -2.85 -3) (layer F.SilkS) (width 0.12))
    (fp_line (start 2.85 -11.5) (end -2.85 -11.5) (layer F.SilkS) (width 0.12))
    (fp_line (start -2.85 0) (end -2.85 -11.5) (layer F.SilkS) (width 0.12))
    (fp_line (start 2.85 -3) (end 2.85 -11.5) (layer F.SilkS) (width 0.12))
    (pad 2 smd rect (at 1.27 0) (size 1.27 3) (layers F.Cu F.Paste F.Mask)
      (net 36 "Net-(J4-Pad2)"))
    (pad 1 smd rect (at -1.27 0) (size 1.27 3) (layers F.Cu F.Paste F.Mask)
      (net 1 /MOD_POS))
    (model ${KISYS3DMOD}/Connector_PinHeader_2.54mm.3dshapes/PinHeader_1x02_P2.54mm_Horizontal.wrl
      (offset (xyz -1.2 1.5 0))
      (scale (xyz 1 1 1))
      (rotate (xyz 0 0 -90))
    )
  )

  (module unl_silab:GEC02SBSN-M89 (layer F.Cu) (tedit 5E30B6C4) (tstamp 5E30F80F)
    (at 212.67 34.67)
    (path /5E3D1136)
    (fp_text reference J5 (at -4 -8) (layer F.SilkS)
      (effects (font (size 1 1) (thickness 0.15)))
    )
    (fp_text value Conn_01x02_Male (at 0 0) (layer F.Fab) hide
      (effects (font (size 1 1) (thickness 0.15)))
    )
    (fp_poly (pts (xy 2.85 -3) (xy -2.85 -3) (xy -2.85 -5.55) (xy 2.85 -5.55)) (layer F.SilkS) (width 0.1))
    (fp_line (start 2.85 -5.55) (end -2.85 -5.55) (layer F.SilkS) (width 0.12))
    (fp_line (start 2.85 -3) (end -2.85 -3) (layer F.SilkS) (width 0.12))
    (fp_line (start 2.85 -11.5) (end -2.85 -11.5) (layer F.SilkS) (width 0.12))
    (fp_line (start -2.85 0) (end -2.85 -11.5) (layer F.SilkS) (width 0.12))
    (fp_line (start 2.85 -3) (end 2.85 -11.5) (layer F.SilkS) (width 0.12))
    (pad 2 smd rect (at 1.27 0) (size 1.27 3) (layers F.Cu F.Paste F.Mask)
      (net 37 "Net-(J5-Pad2)"))
    (pad 1 smd rect (at -1.27 0) (size 1.27 3) (layers F.Cu F.Paste F.Mask)
      (net 36 "Net-(J4-Pad2)"))
    (model ${KISYS3DMOD}/Connector_PinHeader_2.54mm.3dshapes/PinHeader_1x02_P2.54mm_Horizontal.wrl
      (offset (xyz -1.2 1.5 0))
      (scale (xyz 1 1 1))
      (rotate (xyz 0 0 -90))
    )
  )

  (module unl_silab:GEC02SBSN-M89 (layer F.Cu) (tedit 5E30B6C4) (tstamp 5E30F81B)
    (at 255.67 34.67)
    (path /5E3D155D)
    (fp_text reference J6 (at -4 -8) (layer F.SilkS)
      (effects (font (size 1 1) (thickness 0.15)))
    )
    (fp_text value Conn_01x02_Male (at 0 0) (layer F.Fab) hide
      (effects (font (size 1 1) (thickness 0.15)))
    )
    (fp_poly (pts (xy 2.85 -3) (xy -2.85 -3) (xy -2.85 -5.55) (xy 2.85 -5.55)) (layer F.SilkS) (width 0.1))
    (fp_line (start 2.85 -5.55) (end -2.85 -5.55) (layer F.SilkS) (width 0.12))
    (fp_line (start 2.85 -3) (end -2.85 -3) (layer F.SilkS) (width 0.12))
    (fp_line (start 2.85 -11.5) (end -2.85 -11.5) (layer F.SilkS) (width 0.12))
    (fp_line (start -2.85 0) (end -2.85 -11.5) (layer F.SilkS) (width 0.12))
    (fp_line (start 2.85 -3) (end 2.85 -11.5) (layer F.SilkS) (width 0.12))
    (pad 2 smd rect (at 1.27 0) (size 1.27 3) (layers F.Cu F.Paste F.Mask)
      (net 2 /MOD_NEG))
    (pad 1 smd rect (at -1.27 0) (size 1.27 3) (layers F.Cu F.Paste F.Mask)
      (net 37 "Net-(J5-Pad2)"))
    (model ${KISYS3DMOD}/Connector_PinHeader_2.54mm.3dshapes/PinHeader_1x02_P2.54mm_Horizontal.wrl
      (offset (xyz -1.2 1.5 0))
      (scale (xyz 1 1 1))
      (rotate (xyz 0 0 -90))
    )
  )

  (module unl_silab:GEC02SBSN-M89 (layer F.Cu) (tedit 5E30B6C4) (tstamp 5E30F827)
    (at 40.67 43.67 180)
    (path /5E30ABAA)
    (fp_text reference J7 (at 4 -8) (layer F.SilkS)
      (effects (font (size 1 1) (thickness 0.15)))
    )
    (fp_text value Conn_01x02_Male (at 0 0) (layer F.Fab) hide
      (effects (font (size 1 1) (thickness 0.15)))
    )
    (fp_poly (pts (xy 2.85 -3) (xy -2.85 -3) (xy -2.85 -5.55) (xy 2.85 -5.55)) (layer F.SilkS) (width 0.1))
    (fp_line (start 2.85 -5.55) (end -2.85 -5.55) (layer F.SilkS) (width 0.12))
    (fp_line (start 2.85 -3) (end -2.85 -3) (layer F.SilkS) (width 0.12))
    (fp_line (start 2.85 -11.5) (end -2.85 -11.5) (layer F.SilkS) (width 0.12))
    (fp_line (start -2.85 0) (end -2.85 -11.5) (layer F.SilkS) (width 0.12))
    (fp_line (start 2.85 -3) (end 2.85 -11.5) (layer F.SilkS) (width 0.12))
    (pad 2 smd rect (at 1.27 0 180) (size 1.27 3) (layers F.Cu F.Paste F.Mask)
      (net 1 /MOD_POS))
    (pad 1 smd rect (at -1.27 0 180) (size 1.27 3) (layers F.Cu F.Paste F.Mask)
      (net 3 "Net-(J7-Pad1)"))
    (model ${KISYS3DMOD}/Connector_PinHeader_2.54mm.3dshapes/PinHeader_1x02_P2.54mm_Horizontal.wrl
      (offset (xyz -1.2 1.5 0))
      (scale (xyz 1 1 1))
      (rotate (xyz 0 0 -90))
    )
  )

  (module unl_silab:GEC02SBSN-M89 (layer F.Cu) (tedit 5E30B6C4) (tstamp 5E30F833)
    (at 83.67 43.67 180)
    (path /5E3D1962)
    (fp_text reference J8 (at 4 -8) (layer F.SilkS)
      (effects (font (size 1 1) (thickness 0.15)))
    )
    (fp_text value Conn_01x02_Male (at 0 0) (layer F.Fab) hide
      (effects (font (size 1 1) (thickness 0.15)))
    )
    (fp_poly (pts (xy 2.85 -3) (xy -2.85 -3) (xy -2.85 -5.55) (xy 2.85 -5.55)) (layer F.SilkS) (width 0.1))
    (fp_line (start 2.85 -5.55) (end -2.85 -5.55) (layer F.SilkS) (width 0.12))
    (fp_line (start 2.85 -3) (end -2.85 -3) (layer F.SilkS) (width 0.12))
    (fp_line (start 2.85 -11.5) (end -2.85 -11.5) (layer F.SilkS) (width 0.12))
    (fp_line (start -2.85 0) (end -2.85 -11.5) (layer F.SilkS) (width 0.12))
    (fp_line (start 2.85 -3) (end 2.85 -11.5) (layer F.SilkS) (width 0.12))
    (pad 2 smd rect (at 1.27 0 180) (size 1.27 3) (layers F.Cu F.Paste F.Mask)
      (net 3 "Net-(J7-Pad1)"))
    (pad 1 smd rect (at -1.27 0 180) (size 1.27 3) (layers F.Cu F.Paste F.Mask)
      (net 4 "Net-(J8-Pad1)"))
    (model ${KISYS3DMOD}/Connector_PinHeader_2.54mm.3dshapes/PinHeader_1x02_P2.54mm_Horizontal.wrl
      (offset (xyz -1.2 1.5 0))
      (scale (xyz 1 1 1))
      (rotate (xyz 0 0 -90))
    )
  )

  (module unl_silab:GEC02SBSN-M89 (layer F.Cu) (tedit 5E30B6C4) (tstamp 5E30F83F)
    (at 126.67 43.67 180)
    (path /5E3D1D7E)
    (fp_text reference J9 (at 4 -8) (layer F.SilkS)
      (effects (font (size 1 1) (thickness 0.15)))
    )
    (fp_text value Conn_01x02_Male (at 0 0) (layer F.Fab) hide
      (effects (font (size 1 1) (thickness 0.15)))
    )
    (fp_poly (pts (xy 2.85 -3) (xy -2.85 -3) (xy -2.85 -5.55) (xy 2.85 -5.55)) (layer F.SilkS) (width 0.1))
    (fp_line (start 2.85 -5.55) (end -2.85 -5.55) (layer F.SilkS) (width 0.12))
    (fp_line (start 2.85 -3) (end -2.85 -3) (layer F.SilkS) (width 0.12))
    (fp_line (start 2.85 -11.5) (end -2.85 -11.5) (layer F.SilkS) (width 0.12))
    (fp_line (start -2.85 0) (end -2.85 -11.5) (layer F.SilkS) (width 0.12))
    (fp_line (start 2.85 -3) (end 2.85 -11.5) (layer F.SilkS) (width 0.12))
    (pad 2 smd rect (at 1.27 0 180) (size 1.27 3) (layers F.Cu F.Paste F.Mask)
      (net 4 "Net-(J8-Pad1)"))
    (pad 1 smd rect (at -1.27 0 180) (size 1.27 3) (layers F.Cu F.Paste F.Mask)
      (net 2 /MOD_NEG))
    (model ${KISYS3DMOD}/Connector_PinHeader_2.54mm.3dshapes/PinHeader_1x02_P2.54mm_Horizontal.wrl
      (offset (xyz -1.2 1.5 0))
      (scale (xyz 1 1 1))
      (rotate (xyz 0 0 -90))
    )
  )

  (module unl_silab:GEC02SBSN-M89 (layer F.Cu) (tedit 5E30B6C4) (tstamp 5E30F84B)
    (at 169.67 43.67 180)
    (path /5E3D309A)
    (fp_text reference J10 (at 4.5 -8) (layer F.SilkS)
      (effects (font (size 1 1) (thickness 0.15)))
    )
    (fp_text value Conn_01x02_Male (at 0 0) (layer F.Fab) hide
      (effects (font (size 1 1) (thickness 0.15)))
    )
    (fp_poly (pts (xy 2.85 -3) (xy -2.85 -3) (xy -2.85 -5.55) (xy 2.85 -5.55)) (layer F.SilkS) (width 0.1))
    (fp_line (start 2.85 -5.55) (end -2.85 -5.55) (layer F.SilkS) (width 0.12))
    (fp_line (start 2.85 -3) (end -2.85 -3) (layer F.SilkS) (width 0.12))
    (fp_line (start 2.85 -11.5) (end -2.85 -11.5) (layer F.SilkS) (width 0.12))
    (fp_line (start -2.85 0) (end -2.85 -11.5) (layer F.SilkS) (width 0.12))
    (fp_line (start 2.85 -3) (end 2.85 -11.5) (layer F.SilkS) (width 0.12))
    (pad 2 smd rect (at 1.27 0 180) (size 1.27 3) (layers F.Cu F.Paste F.Mask)
      (net 1 /MOD_POS))
    (pad 1 smd rect (at -1.27 0 180) (size 1.27 3) (layers F.Cu F.Paste F.Mask)
      (net 5 "Net-(J10-Pad1)"))
    (model ${KISYS3DMOD}/Connector_PinHeader_2.54mm.3dshapes/PinHeader_1x02_P2.54mm_Horizontal.wrl
      (offset (xyz -1.2 1.5 0))
      (scale (xyz 1 1 1))
      (rotate (xyz 0 0 -90))
    )
  )

  (module unl_silab:GEC02SBSN-M89 (layer F.Cu) (tedit 5E30B6C4) (tstamp 5E30F857)
    (at 212.67 43.67 180)
    (path /5E3D47DE)
    (fp_text reference J11 (at 4.5 -8) (layer F.SilkS)
      (effects (font (size 1 1) (thickness 0.15)))
    )
    (fp_text value Conn_01x02_Male (at 0 0) (layer F.Fab) hide
      (effects (font (size 1 1) (thickness 0.15)))
    )
    (fp_poly (pts (xy 2.85 -3) (xy -2.85 -3) (xy -2.85 -5.55) (xy 2.85 -5.55)) (layer F.SilkS) (width 0.1))
    (fp_line (start 2.85 -5.55) (end -2.85 -5.55) (layer F.SilkS) (width 0.12))
    (fp_line (start 2.85 -3) (end -2.85 -3) (layer F.SilkS) (width 0.12))
    (fp_line (start 2.85 -11.5) (end -2.85 -11.5) (layer F.SilkS) (width 0.12))
    (fp_line (start -2.85 0) (end -2.85 -11.5) (layer F.SilkS) (width 0.12))
    (fp_line (start 2.85 -3) (end 2.85 -11.5) (layer F.SilkS) (width 0.12))
    (pad 2 smd rect (at 1.27 0 180) (size 1.27 3) (layers F.Cu F.Paste F.Mask)
      (net 5 "Net-(J10-Pad1)"))
    (pad 1 smd rect (at -1.27 0 180) (size 1.27 3) (layers F.Cu F.Paste F.Mask)
      (net 6 "Net-(J11-Pad1)"))
    (model ${KISYS3DMOD}/Connector_PinHeader_2.54mm.3dshapes/PinHeader_1x02_P2.54mm_Horizontal.wrl
      (offset (xyz -1.2 1.5 0))
      (scale (xyz 1 1 1))
      (rotate (xyz 0 0 -90))
    )
  )

  (module unl_silab:GEC02SBSN-M89 (layer F.Cu) (tedit 5E30B6C4) (tstamp 5E30F863)
    (at 255.67 43.67 180)
    (path /5E3D4C8B)
    (fp_text reference J12 (at 4.5 -8) (layer F.SilkS)
      (effects (font (size 1 1) (thickness 0.15)))
    )
    (fp_text value Conn_01x02_Male (at 0 0) (layer F.Fab) hide
      (effects (font (size 1 1) (thickness 0.15)))
    )
    (fp_poly (pts (xy 2.85 -3) (xy -2.85 -3) (xy -2.85 -5.55) (xy 2.85 -5.55)) (layer F.SilkS) (width 0.1))
    (fp_line (start 2.85 -5.55) (end -2.85 -5.55) (layer F.SilkS) (width 0.12))
    (fp_line (start 2.85 -3) (end -2.85 -3) (layer F.SilkS) (width 0.12))
    (fp_line (start 2.85 -11.5) (end -2.85 -11.5) (layer F.SilkS) (width 0.12))
    (fp_line (start -2.85 0) (end -2.85 -11.5) (layer F.SilkS) (width 0.12))
    (fp_line (start 2.85 -3) (end 2.85 -11.5) (layer F.SilkS) (width 0.12))
    (pad 2 smd rect (at 1.27 0 180) (size 1.27 3) (layers F.Cu F.Paste F.Mask)
      (net 6 "Net-(J11-Pad1)"))
    (pad 1 smd rect (at -1.27 0 180) (size 1.27 3) (layers F.Cu F.Paste F.Mask)
      (net 2 /MOD_NEG))
    (model ${KISYS3DMOD}/Connector_PinHeader_2.54mm.3dshapes/PinHeader_1x02_P2.54mm_Horizontal.wrl
      (offset (xyz -1.2 1.5 0))
      (scale (xyz 1 1 1))
      (rotate (xyz 0 0 -90))
    )
  )

  (module Connector_PinSocket_2.54mm:PinSocket_2x05_P2.54mm_Vertical_SMD (layer F.Cu) (tedit 5A19A425) (tstamp 5E30F8A8)
    (at 28.67 39.17 180)
    (descr "surface-mounted straight socket strip, 2x05, 2.54mm pitch, double cols (from Kicad 4.0.7), script generated")
    (tags "Surface mounted socket strip SMD 2x05 2.54mm double row")
    (path /5E33EC53)
    (attr smd)
    (fp_text reference J13 (at 0 -7.85) (layer F.SilkS)
      (effects (font (size 1 1) (thickness 0.15)))
    )
    (fp_text value Conn_02x05_Odd_Even (at 0 7.85) (layer F.Fab)
      (effects (font (size 1 1) (thickness 0.15)))
    )
    (fp_line (start -2.6 -6.41) (end 2.6 -6.41) (layer F.SilkS) (width 0.12))
    (fp_line (start 2.6 -6.41) (end 2.6 -5.84) (layer F.SilkS) (width 0.12))
    (fp_line (start 2.6 -4.32) (end 2.6 -3.3) (layer F.SilkS) (width 0.12))
    (fp_line (start 2.6 -1.78) (end 2.6 -0.76) (layer F.SilkS) (width 0.12))
    (fp_line (start 2.6 0.76) (end 2.6 1.78) (layer F.SilkS) (width 0.12))
    (fp_line (start 2.6 3.3) (end 2.6 4.32) (layer F.SilkS) (width 0.12))
    (fp_line (start 2.6 5.84) (end 2.6 6.41) (layer F.SilkS) (width 0.12))
    (fp_line (start -2.6 6.41) (end 2.6 6.41) (layer F.SilkS) (width 0.12))
    (fp_line (start -2.6 -6.41) (end -2.6 -5.84) (layer F.SilkS) (width 0.12))
    (fp_line (start -2.6 -4.32) (end -2.6 -3.3) (layer F.SilkS) (width 0.12))
    (fp_line (start -2.6 -1.78) (end -2.6 -0.76) (layer F.SilkS) (width 0.12))
    (fp_line (start -2.6 0.76) (end -2.6 1.78) (layer F.SilkS) (width 0.12))
    (fp_line (start -2.6 3.3) (end -2.6 4.32) (layer F.SilkS) (width 0.12))
    (fp_line (start -2.6 5.84) (end -2.6 6.41) (layer F.SilkS) (width 0.12))
    (fp_line (start 2.6 -5.84) (end 3.96 -5.84) (layer F.SilkS) (width 0.12))
    (fp_line (start -2.54 -6.35) (end 1.54 -6.35) (layer F.Fab) (width 0.1))
    (fp_line (start 1.54 -6.35) (end 2.54 -5.35) (layer F.Fab) (width 0.1))
    (fp_line (start 2.54 -5.35) (end 2.54 6.35) (layer F.Fab) (width 0.1))
    (fp_line (start 2.54 6.35) (end -2.54 6.35) (layer F.Fab) (width 0.1))
    (fp_line (start -2.54 6.35) (end -2.54 -6.35) (layer F.Fab) (width 0.1))
    (fp_line (start -3.92 -5.4) (end -2.54 -5.4) (layer F.Fab) (width 0.1))
    (fp_line (start -2.54 -4.76) (end -3.92 -4.76) (layer F.Fab) (width 0.1))
    (fp_line (start -3.92 -4.76) (end -3.92 -5.4) (layer F.Fab) (width 0.1))
    (fp_line (start 2.54 -5.4) (end 3.92 -5.4) (layer F.Fab) (width 0.1))
    (fp_line (start 3.92 -5.4) (end 3.92 -4.76) (layer F.Fab) (width 0.1))
    (fp_line (start 3.92 -4.76) (end 2.54 -4.76) (layer F.Fab) (width 0.1))
    (fp_line (start -3.92 -2.86) (end -2.54 -2.86) (layer F.Fab) (width 0.1))
    (fp_line (start -2.54 -2.22) (end -3.92 -2.22) (layer F.Fab) (width 0.1))
    (fp_line (start -3.92 -2.22) (end -3.92 -2.86) (layer F.Fab) (width 0.1))
    (fp_line (start 2.54 -2.86) (end 3.92 -2.86) (layer F.Fab) (width 0.1))
    (fp_line (start 3.92 -2.86) (end 3.92 -2.22) (layer F.Fab) (width 0.1))
    (fp_line (start 3.92 -2.22) (end 2.54 -2.22) (layer F.Fab) (width 0.1))
    (fp_line (start -3.92 -0.32) (end -2.54 -0.32) (layer F.Fab) (width 0.1))
    (fp_line (start -2.54 0.32) (end -3.92 0.32) (layer F.Fab) (width 0.1))
    (fp_line (start -3.92 0.32) (end -3.92 -0.32) (layer F.Fab) (width 0.1))
    (fp_line (start 2.54 -0.32) (end 3.92 -0.32) (layer F.Fab) (width 0.1))
    (fp_line (start 3.92 -0.32) (end 3.92 0.32) (layer F.Fab) (width 0.1))
    (fp_line (start 3.92 0.32) (end 2.54 0.32) (layer F.Fab) (width 0.1))
    (fp_line (start -3.92 2.22) (end -2.54 2.22) (layer F.Fab) (width 0.1))
    (fp_line (start -2.54 2.86) (end -3.92 2.86) (layer F.Fab) (width 0.1))
    (fp_line (start -3.92 2.86) (end -3.92 2.22) (layer F.Fab) (width 0.1))
    (fp_line (start 2.54 2.22) (end 3.92 2.22) (layer F.Fab) (width 0.1))
    (fp_line (start 3.92 2.22) (end 3.92 2.86) (layer F.Fab) (width 0.1))
    (fp_line (start 3.92 2.86) (end 2.54 2.86) (layer F.Fab) (width 0.1))
    (fp_line (start -3.92 4.76) (end -2.54 4.76) (layer F.Fab) (width 0.1))
    (fp_line (start -2.54 5.4) (end -3.92 5.4) (layer F.Fab) (width 0.1))
    (fp_line (start -3.92 5.4) (end -3.92 4.76) (layer F.Fab) (width 0.1))
    (fp_line (start 2.54 4.76) (end 3.92 4.76) (layer F.Fab) (width 0.1))
    (fp_line (start 3.92 4.76) (end 3.92 5.4) (layer F.Fab) (width 0.1))
    (fp_line (start 3.92 5.4) (end 2.54 5.4) (layer F.Fab) (width 0.1))
    (fp_line (start -4.55 -6.85) (end 4.5 -6.85) (layer F.CrtYd) (width 0.05))
    (fp_line (start 4.5 -6.85) (end 4.5 6.85) (layer F.CrtYd) (width 0.05))
    (fp_line (start 4.5 6.85) (end -4.55 6.85) (layer F.CrtYd) (width 0.05))
    (fp_line (start -4.55 6.85) (end -4.55 -6.85) (layer F.CrtYd) (width 0.05))
    (fp_text user %R (at 0 0 90) (layer F.Fab)
      (effects (font (size 1 1) (thickness 0.15)))
    )
    (pad 1 smd rect (at 2.52 -5.08 180) (size 3 1) (layers F.Cu F.Paste F.Mask)
      (net 2 /MOD_NEG))
    (pad 2 smd rect (at -2.52 -5.08 180) (size 3 1) (layers F.Cu F.Paste F.Mask)
      (net 1 /MOD_POS))
    (pad 3 smd rect (at 2.52 -2.54 180) (size 3 1) (layers F.Cu F.Paste F.Mask)
      (net 2 /MOD_NEG))
    (pad 4 smd rect (at -2.52 -2.54 180) (size 3 1) (layers F.Cu F.Paste F.Mask)
      (net 1 /MOD_POS))
    (pad 5 smd rect (at 2.52 0 180) (size 3 1) (layers F.Cu F.Paste F.Mask)
      (net 2 /MOD_NEG))
    (pad 6 smd rect (at -2.52 0 180) (size 3 1) (layers F.Cu F.Paste F.Mask)
      (net 1 /MOD_POS))
    (pad 7 smd rect (at 2.52 2.54 180) (size 3 1) (layers F.Cu F.Paste F.Mask)
      (net 7 /SH_NEG))
    (pad 8 smd rect (at -2.52 2.54 180) (size 3 1) (layers F.Cu F.Paste F.Mask)
      (net 8 /SH_POS))
    (pad 9 smd rect (at 2.52 5.08 180) (size 3 1) (layers F.Cu F.Paste F.Mask)
      (net 7 /SH_NEG))
    (pad 10 smd rect (at -2.52 5.08 180) (size 3 1) (layers F.Cu F.Paste F.Mask)
      (net 8 /SH_POS))
    (model ${KISYS3DMOD}/Connector_PinHeader_2.54mm.3dshapes/PinHeader_2x05_P2.54mm_Vertical.wrl
      (offset (xyz -1.3 5 0.3))
      (scale (xyz 1 1 1))
      (rotate (xyz 0 0 0))
    )
  )

  (module Resistor_SMD:R_2512_6332Metric_Pad1.52x3.35mm_HandSolder (layer F.Cu) (tedit 5B301BBD) (tstamp 5E30F8B9)
    (at 61.67 41.67)
    (descr "Resistor SMD 2512 (6332 Metric), square (rectangular) end terminal, IPC_7351 nominal with elongated pad for handsoldering. (Body size source: http://www.tortai-tech.com/upload/download/2011102023233369053.pdf), generated with kicad-footprint-generator")
    (tags "resistor handsolder")
    (path /5E3548AF)
    (attr smd)
    (fp_text reference R1 (at 0 3) (layer F.SilkS)
      (effects (font (size 1 1) (thickness 0.15)))
    )
    (fp_text value 226 (at 0 2.62) (layer F.Fab)
      (effects (font (size 1 1) (thickness 0.15)))
    )
    (fp_line (start -3.15 1.6) (end -3.15 -1.6) (layer F.Fab) (width 0.1))
    (fp_line (start -3.15 -1.6) (end 3.15 -1.6) (layer F.Fab) (width 0.1))
    (fp_line (start 3.15 -1.6) (end 3.15 1.6) (layer F.Fab) (width 0.1))
    (fp_line (start 3.15 1.6) (end -3.15 1.6) (layer F.Fab) (width 0.1))
    (fp_line (start -2.052064 -1.71) (end 2.052064 -1.71) (layer F.SilkS) (width 0.12))
    (fp_line (start -2.052064 1.71) (end 2.052064 1.71) (layer F.SilkS) (width 0.12))
    (fp_line (start -4 1.92) (end -4 -1.92) (layer F.CrtYd) (width 0.05))
    (fp_line (start -4 -1.92) (end 4 -1.92) (layer F.CrtYd) (width 0.05))
    (fp_line (start 4 -1.92) (end 4 1.92) (layer F.CrtYd) (width 0.05))
    (fp_line (start 4 1.92) (end -4 1.92) (layer F.CrtYd) (width 0.05))
    (fp_text user %R (at 0 0) (layer F.Fab)
      (effects (font (size 1 1) (thickness 0.15)))
    )
    (pad 1 smd roundrect (at -2.9875 0) (size 1.525 3.35) (layers F.Cu F.Paste F.Mask) (roundrect_rratio 0.163934)
      (net 9 "Net-(R1-Pad1)"))
    (pad 2 smd roundrect (at 2.9875 0) (size 1.525 3.35) (layers F.Cu F.Paste F.Mask) (roundrect_rratio 0.163934)
      (net 10 "Net-(R1-Pad2)"))
    (model ${KISYS3DMOD}/Resistor_SMD.3dshapes/R_2512_6332Metric.wrl
      (at (xyz 0 0 0))
      (scale (xyz 1 1 1))
      (rotate (xyz 0 0 0))
    )
  )

  (module Resistor_SMD:R_2512_6332Metric_Pad1.52x3.35mm_HandSolder (layer F.Cu) (tedit 5B301BBD) (tstamp 5E30F8CA)
    (at 70.67 41.67 180)
    (descr "Resistor SMD 2512 (6332 Metric), square (rectangular) end terminal, IPC_7351 nominal with elongated pad for handsoldering. (Body size source: http://www.tortai-tech.com/upload/download/2011102023233369053.pdf), generated with kicad-footprint-generator")
    (tags "resistor handsolder")
    (path /5E3A8DBE)
    (attr smd)
    (fp_text reference R2 (at 0 -2.62) (layer F.SilkS)
      (effects (font (size 1 1) (thickness 0.15)))
    )
    (fp_text value 226 (at 0 2.62) (layer F.Fab)
      (effects (font (size 1 1) (thickness 0.15)))
    )
    (fp_text user %R (at 0 0) (layer F.Fab)
      (effects (font (size 1 1) (thickness 0.15)))
    )
    (fp_line (start 4 1.92) (end -4 1.92) (layer F.CrtYd) (width 0.05))
    (fp_line (start 4 -1.92) (end 4 1.92) (layer F.CrtYd) (width 0.05))
    (fp_line (start -4 -1.92) (end 4 -1.92) (layer F.CrtYd) (width 0.05))
    (fp_line (start -4 1.92) (end -4 -1.92) (layer F.CrtYd) (width 0.05))
    (fp_line (start -2.052064 1.71) (end 2.052064 1.71) (layer F.SilkS) (width 0.12))
    (fp_line (start -2.052064 -1.71) (end 2.052064 -1.71) (layer F.SilkS) (width 0.12))
    (fp_line (start 3.15 1.6) (end -3.15 1.6) (layer F.Fab) (width 0.1))
    (fp_line (start 3.15 -1.6) (end 3.15 1.6) (layer F.Fab) (width 0.1))
    (fp_line (start -3.15 -1.6) (end 3.15 -1.6) (layer F.Fab) (width 0.1))
    (fp_line (start -3.15 1.6) (end -3.15 -1.6) (layer F.Fab) (width 0.1))
    (pad 2 smd roundrect (at 2.9875 0 180) (size 1.525 3.35) (layers F.Cu F.Paste F.Mask) (roundrect_rratio 0.163934)
      (net 10 "Net-(R1-Pad2)"))
    (pad 1 smd roundrect (at -2.9875 0 180) (size 1.525 3.35) (layers F.Cu F.Paste F.Mask) (roundrect_rratio 0.163934)
      (net 11 "Net-(R2-Pad1)"))
    (model ${KISYS3DMOD}/Resistor_SMD.3dshapes/R_2512_6332Metric.wrl
      (at (xyz 0 0 0))
      (scale (xyz 1 1 1))
      (rotate (xyz 0 0 0))
    )
  )

  (module Resistor_SMD:R_2512_6332Metric_Pad1.52x3.35mm_HandSolder (layer F.Cu) (tedit 5B301BBD) (tstamp 5E30F8DB)
    (at 52.67 36.67 180)
    (descr "Resistor SMD 2512 (6332 Metric), square (rectangular) end terminal, IPC_7351 nominal with elongated pad for handsoldering. (Body size source: http://www.tortai-tech.com/upload/download/2011102023233369053.pdf), generated with kicad-footprint-generator")
    (tags "resistor handsolder")
    (path /5E3A91B6)
    (attr smd)
    (fp_text reference R3 (at 0 3) (layer F.SilkS)
      (effects (font (size 1 1) (thickness 0.15)))
    )
    (fp_text value 226 (at 0 2.62) (layer F.Fab)
      (effects (font (size 1 1) (thickness 0.15)))
    )
    (fp_text user %R (at 0 0) (layer F.Fab)
      (effects (font (size 1 1) (thickness 0.15)))
    )
    (fp_line (start 4 1.92) (end -4 1.92) (layer F.CrtYd) (width 0.05))
    (fp_line (start 4 -1.92) (end 4 1.92) (layer F.CrtYd) (width 0.05))
    (fp_line (start -4 -1.92) (end 4 -1.92) (layer F.CrtYd) (width 0.05))
    (fp_line (start -4 1.92) (end -4 -1.92) (layer F.CrtYd) (width 0.05))
    (fp_line (start -2.052064 1.71) (end 2.052064 1.71) (layer F.SilkS) (width 0.12))
    (fp_line (start -2.052064 -1.71) (end 2.052064 -1.71) (layer F.SilkS) (width 0.12))
    (fp_line (start 3.15 1.6) (end -3.15 1.6) (layer F.Fab) (width 0.1))
    (fp_line (start 3.15 -1.6) (end 3.15 1.6) (layer F.Fab) (width 0.1))
    (fp_line (start -3.15 -1.6) (end 3.15 -1.6) (layer F.Fab) (width 0.1))
    (fp_line (start -3.15 1.6) (end -3.15 -1.6) (layer F.Fab) (width 0.1))
    (pad 2 smd roundrect (at 2.9875 0 180) (size 1.525 3.35) (layers F.Cu F.Paste F.Mask) (roundrect_rratio 0.163934)
      (net 7 /SH_NEG))
    (pad 1 smd roundrect (at -2.9875 0 180) (size 1.525 3.35) (layers F.Cu F.Paste F.Mask) (roundrect_rratio 0.163934)
      (net 12 "Net-(R21-Pad2)"))
    (model ${KISYS3DMOD}/Resistor_SMD.3dshapes/R_2512_6332Metric.wrl
      (at (xyz 0 0 0))
      (scale (xyz 1 1 1))
      (rotate (xyz 0 0 0))
    )
  )

  (module Resistor_SMD:R_2512_6332Metric_Pad1.52x3.35mm_HandSolder (layer F.Cu) (tedit 5B301BBD) (tstamp 5E310F2D)
    (at 103.67 41.67)
    (descr "Resistor SMD 2512 (6332 Metric), square (rectangular) end terminal, IPC_7351 nominal with elongated pad for handsoldering. (Body size source: http://www.tortai-tech.com/upload/download/2011102023233369053.pdf), generated with kicad-footprint-generator")
    (tags "resistor handsolder")
    (path /5E3AFFBE)
    (attr smd)
    (fp_text reference R4 (at 0 3) (layer F.SilkS)
      (effects (font (size 1 1) (thickness 0.15)))
    )
    (fp_text value 226 (at 0 2.62) (layer F.Fab)
      (effects (font (size 1 1) (thickness 0.15)))
    )
    (fp_line (start -3.15 1.6) (end -3.15 -1.6) (layer F.Fab) (width 0.1))
    (fp_line (start -3.15 -1.6) (end 3.15 -1.6) (layer F.Fab) (width 0.1))
    (fp_line (start 3.15 -1.6) (end 3.15 1.6) (layer F.Fab) (width 0.1))
    (fp_line (start 3.15 1.6) (end -3.15 1.6) (layer F.Fab) (width 0.1))
    (fp_line (start -2.052064 -1.71) (end 2.052064 -1.71) (layer F.SilkS) (width 0.12))
    (fp_line (start -2.052064 1.71) (end 2.052064 1.71) (layer F.SilkS) (width 0.12))
    (fp_line (start -4 1.92) (end -4 -1.92) (layer F.CrtYd) (width 0.05))
    (fp_line (start -4 -1.92) (end 4 -1.92) (layer F.CrtYd) (width 0.05))
    (fp_line (start 4 -1.92) (end 4 1.92) (layer F.CrtYd) (width 0.05))
    (fp_line (start 4 1.92) (end -4 1.92) (layer F.CrtYd) (width 0.05))
    (fp_text user %R (at 0 0) (layer F.Fab)
      (effects (font (size 1 1) (thickness 0.15)))
    )
    (pad 1 smd roundrect (at -2.9875 0) (size 1.525 3.35) (layers F.Cu F.Paste F.Mask) (roundrect_rratio 0.163934)
      (net 13 "Net-(R22-Pad2)"))
    (pad 2 smd roundrect (at 2.9875 0) (size 1.525 3.35) (layers F.Cu F.Paste F.Mask) (roundrect_rratio 0.163934)
      (net 14 "Net-(R4-Pad2)"))
    (model ${KISYS3DMOD}/Resistor_SMD.3dshapes/R_2512_6332Metric.wrl
      (at (xyz 0 0 0))
      (scale (xyz 1 1 1))
      (rotate (xyz 0 0 0))
    )
  )

  (module Resistor_SMD:R_2512_6332Metric_Pad1.52x3.35mm_HandSolder (layer F.Cu) (tedit 5B301BBD) (tstamp 5E31101D)
    (at 112.67 41.67 180)
    (descr "Resistor SMD 2512 (6332 Metric), square (rectangular) end terminal, IPC_7351 nominal with elongated pad for handsoldering. (Body size source: http://www.tortai-tech.com/upload/download/2011102023233369053.pdf), generated with kicad-footprint-generator")
    (tags "resistor handsolder")
    (path /5E3AFFD3)
    (attr smd)
    (fp_text reference R5 (at 0 -2.62) (layer F.SilkS)
      (effects (font (size 1 1) (thickness 0.15)))
    )
    (fp_text value 226 (at 0 2.62) (layer F.Fab)
      (effects (font (size 1 1) (thickness 0.15)))
    )
    (fp_text user %R (at 0 0) (layer F.Fab)
      (effects (font (size 1 1) (thickness 0.15)))
    )
    (fp_line (start 4 1.92) (end -4 1.92) (layer F.CrtYd) (width 0.05))
    (fp_line (start 4 -1.92) (end 4 1.92) (layer F.CrtYd) (width 0.05))
    (fp_line (start -4 -1.92) (end 4 -1.92) (layer F.CrtYd) (width 0.05))
    (fp_line (start -4 1.92) (end -4 -1.92) (layer F.CrtYd) (width 0.05))
    (fp_line (start -2.052064 1.71) (end 2.052064 1.71) (layer F.SilkS) (width 0.12))
    (fp_line (start -2.052064 -1.71) (end 2.052064 -1.71) (layer F.SilkS) (width 0.12))
    (fp_line (start 3.15 1.6) (end -3.15 1.6) (layer F.Fab) (width 0.1))
    (fp_line (start 3.15 -1.6) (end 3.15 1.6) (layer F.Fab) (width 0.1))
    (fp_line (start -3.15 -1.6) (end 3.15 -1.6) (layer F.Fab) (width 0.1))
    (fp_line (start -3.15 1.6) (end -3.15 -1.6) (layer F.Fab) (width 0.1))
    (pad 2 smd roundrect (at 2.9875 0 180) (size 1.525 3.35) (layers F.Cu F.Paste F.Mask) (roundrect_rratio 0.163934)
      (net 14 "Net-(R4-Pad2)"))
    (pad 1 smd roundrect (at -2.9875 0 180) (size 1.525 3.35) (layers F.Cu F.Paste F.Mask) (roundrect_rratio 0.163934)
      (net 15 "Net-(R23-Pad2)"))
    (model ${KISYS3DMOD}/Resistor_SMD.3dshapes/R_2512_6332Metric.wrl
      (at (xyz 0 0 0))
      (scale (xyz 1 1 1))
      (rotate (xyz 0 0 0))
    )
  )

  (module Resistor_SMD:R_2512_6332Metric_Pad1.52x3.35mm_HandSolder (layer F.Cu) (tedit 5B301BBD) (tstamp 5E310FED)
    (at 94.67 36.67 180)
    (descr "Resistor SMD 2512 (6332 Metric), square (rectangular) end terminal, IPC_7351 nominal with elongated pad for handsoldering. (Body size source: http://www.tortai-tech.com/upload/download/2011102023233369053.pdf), generated with kicad-footprint-generator")
    (tags "resistor handsolder")
    (path /5E3AFFD9)
    (attr smd)
    (fp_text reference R6 (at 0 3) (layer F.SilkS)
      (effects (font (size 1 1) (thickness 0.15)))
    )
    (fp_text value 226 (at 0 2.62) (layer F.Fab)
      (effects (font (size 1 1) (thickness 0.15)))
    )
    (fp_line (start -3.15 1.6) (end -3.15 -1.6) (layer F.Fab) (width 0.1))
    (fp_line (start -3.15 -1.6) (end 3.15 -1.6) (layer F.Fab) (width 0.1))
    (fp_line (start 3.15 -1.6) (end 3.15 1.6) (layer F.Fab) (width 0.1))
    (fp_line (start 3.15 1.6) (end -3.15 1.6) (layer F.Fab) (width 0.1))
    (fp_line (start -2.052064 -1.71) (end 2.052064 -1.71) (layer F.SilkS) (width 0.12))
    (fp_line (start -2.052064 1.71) (end 2.052064 1.71) (layer F.SilkS) (width 0.12))
    (fp_line (start -4 1.92) (end -4 -1.92) (layer F.CrtYd) (width 0.05))
    (fp_line (start -4 -1.92) (end 4 -1.92) (layer F.CrtYd) (width 0.05))
    (fp_line (start 4 -1.92) (end 4 1.92) (layer F.CrtYd) (width 0.05))
    (fp_line (start 4 1.92) (end -4 1.92) (layer F.CrtYd) (width 0.05))
    (fp_text user %R (at 0 0) (layer F.Fab)
      (effects (font (size 1 1) (thickness 0.15)))
    )
    (pad 1 smd roundrect (at -2.9875 0 180) (size 1.525 3.35) (layers F.Cu F.Paste F.Mask) (roundrect_rratio 0.163934)
      (net 16 "Net-(R24-Pad2)"))
    (pad 2 smd roundrect (at 2.9875 0 180) (size 1.525 3.35) (layers F.Cu F.Paste F.Mask) (roundrect_rratio 0.163934)
      (net 7 /SH_NEG))
    (model ${KISYS3DMOD}/Resistor_SMD.3dshapes/R_2512_6332Metric.wrl
      (at (xyz 0 0 0))
      (scale (xyz 1 1 1))
      (rotate (xyz 0 0 0))
    )
  )

  (module Resistor_SMD:R_2512_6332Metric_Pad1.52x3.35mm_HandSolder (layer F.Cu) (tedit 5B301BBD) (tstamp 5E30F91F)
    (at 146.67 41.67)
    (descr "Resistor SMD 2512 (6332 Metric), square (rectangular) end terminal, IPC_7351 nominal with elongated pad for handsoldering. (Body size source: http://www.tortai-tech.com/upload/download/2011102023233369053.pdf), generated with kicad-footprint-generator")
    (tags "resistor handsolder")
    (path /5E3B4B5B)
    (attr smd)
    (fp_text reference R7 (at 0 3) (layer F.SilkS)
      (effects (font (size 1 1) (thickness 0.15)))
    )
    (fp_text value 226 (at 0 2.62) (layer F.Fab)
      (effects (font (size 1 1) (thickness 0.15)))
    )
    (fp_line (start -3.15 1.6) (end -3.15 -1.6) (layer F.Fab) (width 0.1))
    (fp_line (start -3.15 -1.6) (end 3.15 -1.6) (layer F.Fab) (width 0.1))
    (fp_line (start 3.15 -1.6) (end 3.15 1.6) (layer F.Fab) (width 0.1))
    (fp_line (start 3.15 1.6) (end -3.15 1.6) (layer F.Fab) (width 0.1))
    (fp_line (start -2.052064 -1.71) (end 2.052064 -1.71) (layer F.SilkS) (width 0.12))
    (fp_line (start -2.052064 1.71) (end 2.052064 1.71) (layer F.SilkS) (width 0.12))
    (fp_line (start -4 1.92) (end -4 -1.92) (layer F.CrtYd) (width 0.05))
    (fp_line (start -4 -1.92) (end 4 -1.92) (layer F.CrtYd) (width 0.05))
    (fp_line (start 4 -1.92) (end 4 1.92) (layer F.CrtYd) (width 0.05))
    (fp_line (start 4 1.92) (end -4 1.92) (layer F.CrtYd) (width 0.05))
    (fp_text user %R (at 0 0) (layer F.Fab)
      (effects (font (size 1 1) (thickness 0.15)))
    )
    (pad 1 smd roundrect (at -2.9875 0) (size 1.525 3.35) (layers F.Cu F.Paste F.Mask) (roundrect_rratio 0.163934)
      (net 17 "Net-(R25-Pad2)"))
    (pad 2 smd roundrect (at 2.9875 0) (size 1.525 3.35) (layers F.Cu F.Paste F.Mask) (roundrect_rratio 0.163934)
      (net 18 "Net-(R7-Pad2)"))
    (model ${KISYS3DMOD}/Resistor_SMD.3dshapes/R_2512_6332Metric.wrl
      (at (xyz 0 0 0))
      (scale (xyz 1 1 1))
      (rotate (xyz 0 0 0))
    )
  )

  (module Resistor_SMD:R_2512_6332Metric_Pad1.52x3.35mm_HandSolder (layer F.Cu) (tedit 5B301BBD) (tstamp 5E30F930)
    (at 155.67 41.67 180)
